-1 0.051493442 -0.69491126 -0.87521814
-1.30103 -0.43558767 -0.87546914 -1.471959
-1.60206 -0.92943527 -1.1134438 -2.1218271
-1.90309 -1.2892103 -1.3776586 -2.7474544
-2.20412 -1.6156768 -1.6585337 -3.3775392
-2.50515 -1.9286618 -1.9489726 -4.031833
-2.80618 -2.2354984 -2.2445668 -4.7286891
-3.10721 -2.5393911 -2.5428421 -5.2350948
-3.40824 -2.8418425 -2.8424807 -5.4004307
-3.70927 -3.1435796 -3.1428157 -5.6391859
-4.0103 -3.4449633 -3.443498 -5.911711
-4.31133 -3.7462726 -3.744514 -6.3885437
-4.6123599 -4.1359626 -4.1351332 -7.0788625
-4.9133899 -4.6318661 -4.631464 -7.8757124
-5.2144199 -5.180862 -5.1806641 -8.725726
-5.5154499 -5.7563943 -5.7562961 -9.6022904
-5.8164799 -6.3451917 -6.3451428 -10.492124
-6.1175099 -6.9406206 -6.9405963 -11.388601
-6.4185399 -7.5393652 -7.539353 -12.288446
-6.7195699 -8.1397675 -8.1397614 -13.190128
-7.0205999 -8.7409987 -8.7409956 -14.093445
-7.3216299 -9.3426442 -9.3426427 -15.000536
-7.6226599 -9.944497 -9.9444963 -15.921724
-7.9236899 -10.546453 -10.546453 -16.911811
-8.2247199 -11.148462 -11.148461 -17.78162
-8.5257499 -11.750495 -11.750496 -18.200527
-8.8267799 -12.352542 -12.352543 -18.352768
-9.1278099 -12.954596 -12.954597 -18.621851
-9.4288399 -13.556651 -13.556656 -18.83155
-9.7298699 -14.15871 -14.158714 -18.996553
-10.0309 -14.760773 -14.760769 -19.101288
-10.33193 -15.362804 -15.362857 -19.265072
-10.63296 -15.964832 -15.964948 -19.835311
-10.93399 -16.56695 -16.56695 -19.56695
-11.23502 -17.168142 -17.166412 -19.214767
-11.53605 -17.75571 -17.756549 -19.180005
-11.83708 -18.315464 -18.320821 -19.171733
-12.13811 -18.773793 -18.764604 -19.169689
-12.43914 -19.03567 -19.03642 -19.169179
-12.74017 -19.132035 -19.132971 -19.169689
-13.0412 -19.163447 -19.15899 -19.169254
-13.34223 -19.16849 -19.169163 -19.169784
-13.64326 -19.169368 -19.169056 -19.169593
-13.94429 -19.391027 -19.391428 -19.391228
-14.24532 -20.190044 -20.189176 -20.189822
-14.54635 -20.792316 -20.791447 -20.791781
-14.84738 -21.394488 -21.393618 -21.393785
-15.14841 -21.996603 -21.995734 -21.995817
-15.44944 -22.598712 -22.59785 -22.597891
-15.75047 -23.2008 -23.199882 -23.199937
-16.0515 -23.803111 -23.802109 -23.80222
-16.35253 -24.405171 -24.404057 -24.40428
-16.65356 -25.007231 -25.005895 -25.00634
-16.95459 -25.609291 -25.6084 -25.6084
-17.25562 -26.081314 -26.080654 -26.081314
-17.55665 -inf -inf -inf
-17.85768 -inf -inf -inf
-18.15871 -inf -inf -inf
-18.45974 -inf -inf -inf
-18.76077 -inf -inf -inf
-19.0618 -inf -inf -inf
-19.36283 -inf -inf -inf
-19.66386 -inf -inf -inf
-19.96489 -inf -inf -inf
