#t1 = 0.050000000000000
#t2 = 0.500000000000000
#t3 = 1.000000000000001
-8.485281374238571       	1.000000000000000        	1.000000000000000        		1.000000000000000        	1.000000000000000        		1.000000000000000        1.000000000000000        
-8.385281374238572       	nan                      	1.000000000000000        		nan                      	1.000000000000000        		nan                      0.999999998478757        
-8.285281374238572       	nan                      	1.000000000000000        		nan                      	1.000000000000000        		nan                      0.999999997665772        
-8.185281374238572       	nan                      	1.000000000000000        		nan                      	1.000000000000000        		nan                      0.999999996435730        
-8.085281374238573       	nan                      	1.000000000000000        		nan                      	1.000000000000000        		nan                      0.999999994583958        
-7.985281374238573       	nan                      	1.000000000000000        		nan                      	0.999999999999999        		nan                      0.999999991810100        
-7.885281374238573       	nan                      	1.000000000000000        		nan                      	0.999999999999998        		nan                      0.999999987675720        
-7.785281374238574       	nan                      	1.000000000000000        		nan                      	0.999999999999997        		nan                      0.999999981544232        
-7.685281374238574       	nan                      	1.000000000000000        		nan                      	0.999999999999992        		nan                      0.999999972496268        
-7.585281374238575       	nan                      	1.000000000000000        		nan                      	0.999999999999983        		nan                      0.999999959211154        
-7.485281374238575       	nan                      	1.000000000000000        		nan                      	0.999999999999964        		nan                      0.999999939801887        
-7.385281374238575       	nan                      	1.000000000000000        		nan                      	0.999999999999924        		nan                      0.999999911586735        
-7.285281374238576       	nan                      	1.000000000000000        		nan                      	0.999999999999839        		nan                      0.999999870774997        
-7.185281374238576       	nan                      	1.000000000000000        		nan                      	0.999999999999665        		nan                      0.999999812037262        
-7.085281374238576       	nan                      	1.000000000000000        		nan                      	0.999999999999306        		nan                      0.999999727921237        
-6.985281374238577       	nan                      	1.000000000000000        		nan                      	0.999999999998579        		nan                      0.999999608062496        
-6.885281374238577       	nan                      	1.000000000000000        		nan                      	0.999999999997116        		nan                      0.999999438124652        
-6.785281374238577       	nan                      	1.000000000000000        		nan                      	0.999999999994207        		nan                      0.999999198384969        
-6.685281374238578       	nan                      	1.000000000000000        		nan                      	0.999999999988476        		nan                      0.999998861858542        
-6.585281374238578       	nan                      	1.000000000000000        		nan                      	0.999999999977299        		nan                      0.999998391826082        
-6.485281374238578       	nan                      	1.000000000000000        		nan                      	0.999999999955717        		nan                      0.999997738596335        
-6.385281374238579       	nan                      	1.000000000000000        		nan                      	0.999999999914459        		nan                      0.999996835293269        
-6.285281374238579       	nan                      	1.000000000000000        		nan                      	0.999999999836370        		nan                      0.999995592409712        
-6.185281374238579       	nan                      	1.000000000000000        		nan                      	0.999999999690041        		nan                      0.999993890812254        
-6.085281374238580       	nan                      	1.000000000000000        		nan                      	0.999999999418565        		nan                      0.999991572816470        
-5.985281374238580       	nan                      	1.000000000000000        		nan                      	0.999999998919920        		nan                      0.999988430876499        
-5.885281374238581       	nan                      	1.000000000000000        		nan                      	0.999999998013113        		nan                      0.999984193348772        
-5.785281374238581       	nan                      	1.000000000000000        		nan                      	0.999999996380447        		nan                      0.999978506696786        
-5.685281374238581       	nan                      	1.000000000000000        		nan                      	0.999999993470127        		nan                      0.999970913403454        
-5.585281374238582       	nan                      	1.000000000000000        		nan                      	0.999999988333893        		nan                      0.999960824751677        
-5.485281374238582       	nan                      	1.000000000000000        		nan                      	0.999999979359409        		nan                      0.999947487525518        
-5.385281374238582       	nan                      	1.000000000000000        		nan                      	0.999999963834297        		nan                      0.999929943577666        
-5.285281374238583       	nan                      	1.000000000000000        		nan                      	0.999999937244156        		nan                      0.999906981109411        
-5.185281374238583       	nan                      	1.000000000000000        		nan                      	0.999999892155513        		nan                      0.999877076423936        
-5.085281374238583       	nan                      	1.000000000000000        		nan                      	0.999999816459272        		nan                      0.999838324850732        
-4.985281374238584       	nan                      	1.000000000000000        		nan                      	0.999999690641474        		nan                      0.999788359508450        
-4.885281374238584       	nan                      	1.000000000000000        		nan                      	0.999999483593741        		nan                      0.999724256586696        
-4.785281374238584       	nan                      	1.000000000000000        		nan                      	0.999999146260214        		nan                      0.999642425896904        
-4.685281374238585       	nan                      	1.000000000000000        		nan                      	0.999998602122077        		nan                      0.999538485581818        
-4.585281374238585       	nan                      	1.000000000000000        		nan                      	0.999997733122714        		nan                      0.999407120096192        
-4.485281374238586       	nan                      	1.000000000000000        		nan                      	0.999996359111162        		nan                      0.999241920891550        
-4.385281374238586       	nan                      	1.000000000000000        		nan                      	0.999994208202607        		nan                      0.999035209667640        
-4.285281374238586       	nan                      	1.000000000000000        		nan                      	0.999990874597541        		nan                      0.998777844602805        
-4.185281374238587       	nan                      	1.000000000000000        		nan                      	0.999985759346091        		nan                      0.998459010651701        
-4.085281374238587       	nan                      	1.000000000000000        		nan                      	0.999977988282409        		nan                      0.998065995804128        
-3.985281374238587       	nan                      	1.000000000000000        		nan                      	0.999966299895181        		nan                      0.997583956129478        
-3.885281374238587       	nan                      	1.000000000000000        		nan                      	0.999948894280784        		nan                      0.996995673476970        
-3.785281374238587       	nan                      	1.000000000000000        		nan                      	0.999923232619388        		nan                      0.996281310843348        
-3.685281374238587       	nan                      	1.000000000000000        		nan                      	0.999885774943365        		nan                      0.995418171629011        
-3.585281374238587       	nan                      	1.000000000000000        		nan                      	0.999831642511750        		nan                      0.994380470242554        
-3.485281374238586       	nan                      	1.000000000000000        		nan                      	0.999754190109530        		nan                      0.993139122734691        
-3.385281374238586       	nan                      	1.000000000000000        		nan                      	0.999644473368528        		nan                      0.991661567287987        
-3.285281374238586       	nan                      	1.000000000000000        		nan                      	0.999490597131385        		nan                      0.989911625393228        
-3.185281374238586       	nan                      	1.000000000000000        		nan                      	0.999276933370089        		nan                      0.987849415334211        
-3.085281374238586       	nan                      	1.000000000000000        		nan                      	0.998983201658904        		nan                      0.985431330104305        
-2.985281374238586       	nan                      	1.000000000000000        		nan                      	0.998583412091674        		nan                      0.982610092013554        
-2.885281374238586       	nan                      	1.000000000000000        		nan                      	0.998044680139119        		nan                      0.979334895941363        
-2.785281374238586       	nan                      	1.000000000000000        		nan                      	0.997325935414593        		nan                      0.975551652381892        
-2.685281374238586       	nan                      	1.000000000000000        		nan                      	0.996376561566838        		nan                      0.971203340065240        
-2.585281374238586       	nan                      	1.000000000000000        		nan                      	0.995135022134215        		nan                      0.966230475983552        
-2.485281374238586       	nan                      	0.999999999999998        		nan                      	0.993527546376747        		nan                      0.960571708096266        
-2.385281374238585       	nan                      	0.999999999999977        		nan                      	0.991466968618661        		nan                      0.954164532849175        
-2.285281374238585       	nan                      	0.999999999999753        		nan                      	0.988851832819714        		nan                      0.946946135964392        
-2.185281374238585       	nan                      	0.999999999997585        		nan                      	0.985565888899501        		nan                      0.938854350821932        
-2.085281374238585       	nan                      	0.999999999978628        		nan                      	0.981478116446201        		nan                      0.929828724270710        
-1.985281374238585       	nan                      	0.999999999828534        		nan                      	0.976443412441484        		nan                      0.919811675021030        
-1.885281374238585       	nan                      	0.999999998752500        		nan                      	0.970304070272069        		nan                      0.908749725054091        
-1.785281374238585       	nan                      	0.999999991767558        		nan                      	0.962892155765772        		nan                      0.896594779931284        
-1.685281374238585       	nan                      	0.999999950711489        		nan                      	0.954032851232898        		nan                      0.883305429706855        
-1.585281374238585       	nan                      	0.999999732199610        		nan                      	0.943548790515051        		nan                      0.868848238557638        
-1.485281374238585       	nan                      	0.999998679121285        		nan                      	0.931265348142946        		nan                      0.853198988454061        
-1.385281374238585       	nan                      	0.999994083556196        		nan                      	0.917016776620958        		nan                      0.836343840402456        
-1.285281374238584       	nan                      	0.999975923621315        		nan                      	0.900653011765789        		nan                      0.818280376156830        
-1.185281374238584       	nan                      	0.999910941923997        		nan                      	0.882046892374246        		nan                      0.799018483956814        
-1.085281374238584       	nan                      	0.999700383187084        		nan                      	0.861101473641965        		nan                      0.778581053876086        
-0.985281374238584       	nan                      	0.999082559232821        		nan                      	0.837757060458069        		nan                      0.757004451784001        
-0.885281374238584       	nan                      	0.997440952868686        		nan                      	0.811997553461396        		nan                      0.734338745691060        
-0.785281374238584       	nan                      	0.993491022929305        		nan                      	0.783855693085351        		nan                      0.710647664260181        
-0.685281374238584       	nan                      	0.984884478353584        		nan                      	0.753416808574704        		nan                      0.686008274350083        
-0.585281374238584       	nan                      	0.967902432952607        		nan                      	0.720820731663771        		nan                      0.660510372385183        
-0.485281374238584       	nan                      	0.937558261436863        		nan                      	0.686261617077078        		nan                      0.634255592838021        
-0.385281374238584       	nan                      	0.888457669907283        		nan                      	0.649985520190478        		nan                      0.607356245846123        
-0.285281374238584       	nan                      	0.816508460935009        		nan                      	0.612285709289564        		nan                      0.579933904621379        
-0.185281374238584       	nan                      	0.721032388176793        		nan                      	0.573495826849067        		nan                      0.552117771494256        
-0.085281374238584       	nan                      	0.606298077865381        		nan                      	0.533981150606968        		nan                      0.524042858824411        
0.014718625761416        	nan                      	0.481438180563487        		nan                      	0.494128329879555        		nan                      0.495848027287007        
0.114718625761416        	nan                      	0.358387549822360        		nan                      	0.454334075087122        		nan                      0.467673928937270        
0.214718625761416        	nan                      	0.248568958388717        		nan                      	0.414993350002579        		nan                      0.439660905748911        
0.314718625761416        	nan                      	0.159812771220670        		nan                      	0.376487650531229        		nan                      0.411946895868902        
0.414718625761416        	nan                      	0.094851968532014        		nan                      	0.339173947848157        		nan                      0.384665399562708        
0.514718625761416        	nan                      	0.051796037360500        		nan                      	0.303374827990165        		nan                      0.357943554752444        
0.614718625761416        	nan                      	0.025953093621442        		nan                      	0.269370278555426        		nan                      0.331900368267808        
0.714718625761416        	nan                      	0.011906320613017        		nan                      	0.237391463110379        		nan                      0.306645143603675        
0.814718625761416        	nan                      	0.004992237511293        		nan                      	0.207616694659109        		nan                      0.282276139342636        
0.914718625761415        	nan                      	0.001910372487165        		nan                      	0.180169681849220        		nan                      0.258879484743159        
1.014718625761416        	nan                      	0.000666399785342        		nan                      	0.155119986468671        		nan                      0.236528370640368        
1.114718625761416        	nan                      	0.000211701587066        		nan                      	0.132485508409707        		nan                      0.215282525104378        
1.214718625761416        	nan                      	0.000061197806839        		nan                      	0.112236713077285        		nan                      0.195187974602209        
1.314718625761416        	nan                      	0.000016087087884        		nan                      	0.094302242216977        		nan                      0.176277083051941        
1.414718625761416        	nan                      	0.000003843283777        		nan                      	0.078575505546391        		nan                      0.158568853451010        
1.514718625761416        	nan                      	0.000000834069193        		nan                      	0.064921837749302        		nan                      0.142069469970766        
1.614718625761416        	nan                      	0.000000164360773        		nan                      	0.053185821067312        		nan                      0.126773052749263        
1.714718625761416        	nan                      	0.000000029399357        		nan                      	0.043198413499113        		nan                      0.112662593235466        
1.814718625761416        	nan                      	0.000000004771875        		nan                      	0.034783580604981        		nan                      0.099711034927673        
1.914718625761416        	nan                      	0.000000000702647        		nan                      	0.027764198464402        		nan                      0.087882462729303        
2.014718625761416        	nan                      	0.000000000093839        		nan                      	0.021967069744126        		nan                      0.077133363877105        
2.114718625761416        	nan                      	0.000000000011364        		nan                      	0.017226967964374        		nan                      0.067413924386046        
2.214718625761416        	nan                      	0.000000000001248        		nan                      	0.013389691802413        		nan                      0.058669327061200        
2.314718625761417        	nan                      	0.000000000000124        		nan                      	0.010314167882379        		nan                      0.050841020173215        
2.414718625761417        	nan                      	0.000000000000011        		nan                      	0.007873684660018        		nan                      0.043867929679643        
2.514718625761417        	nan                      	0.000000000000001        		nan                      	0.005956370822749        		nan                      0.037687592185919        
2.614718625761417        	nan                      	0.000000000000000        		nan                      	0.004465049425960        		nan                      0.032237190462010        
2.714718625761417        	nan                      	0.000000000000000        		nan                      	0.003316605083714        		nan                      0.027454478057553        
2.814718625761417        	nan                      	0.000000000000000        		nan                      	0.002440997899027        		nan                      0.023278584201006        
2.914718625761417        	nan                      	0.000000000000000        		nan                      	0.001780046783855        		nan                      0.019650694562811        
3.014718625761417        	nan                      	0.000000000000000        		nan                      	0.001286088786518        		nan                      0.016514607474075        
3.114718625761417        	nan                      	0.000000000000000        		nan                      	0.000920602269739        		nan                      0.013817168718197        
3.214718625761417        	nan                      	0.000000000000000        		nan                      	0.000652862210641        		nan                      0.011508590983792        
3.314718625761417        	nan                      	0.000000000000000        		nan                      	0.000458677065086        		nan                      0.009542666445608        
3.414718625761417        	nan                      	0.000000000000000        		nan                      	0.000319239654598        		nan                      0.007876882718232        
3.514718625761418        	nan                      	0.000000000000000        		nan                      	0.000220110074750        		nan                      0.006472453623253        
3.614718625761418        	nan                      	0.000000000000000        		nan                      	0.000150336998111        		nan                      0.005294276863996        
3.714718625761418        	nan                      	0.000000000000000        		nan                      	0.000101714963074        		nan                      0.004310830869179        
3.814718625761418        	nan                      	0.000000000000000        		nan                      	0.000068169094649        		nan                      0.003494022815825        
3.914718625761418        	nan                      	0.000000000000000        		nan                      	0.000045254847439        		nan                      0.002818999246971        
4.014718625761418        	nan                      	0.000000000000000        		nan                      	0.000029758376886        		nan                      0.002263929838172        
4.114718625761418        	nan                      	0.000000000000000        		nan                      	0.000019382599596        		nan                      0.001809773813594        
4.214718625761417        	nan                      	0.000000000000000        		nan                      	0.000012504489379        		nan                      0.001440037338351        
4.314718625761417        	nan                      	0.000000000000000        		nan                      	0.000007990315722        		nan                      0.001140528981865        
4.414718625761417        	nan                      	0.000000000000000        		nan                      	0.000005057072782        		nan                      0.000899119112256        
4.514718625761416        	nan                      	0.000000000000000        		nan                      	0.000003170044346        		nan                      0.000705507888945        
4.614718625761416        	nan                      	0.000000000000000        		nan                      	0.000001968141142        		nan                      0.000551005404813        
4.714718625761416        	nan                      	0.000000000000000        		nan                      	0.000001210224965        		nan                      0.000428326515923        
4.814718625761415        	nan                      	0.000000000000000        		nan                      	0.000000737037214        		nan                      0.000331402002147        
4.914718625761415        	nan                      	0.000000000000000        		nan                      	0.000000444550297        		nan                      0.000255206934697        
5.014718625761414        	nan                      	0.000000000000000        		nan                      	0.000000265555657        		nan                      0.000195606488073        
5.114718625761414        	nan                      	0.000000000000000        		nan                      	0.000000157104488        		nan                      0.000149218920501        
5.214718625761414        	nan                      	0.000000000000000        		nan                      	0.000000092048231        		nan                      0.000113295050585        
5.314718625761413        	nan                      	0.000000000000000        		nan                      	0.000000053411130        		nan                      0.000085613267611        
5.414718625761413        	nan                      	0.000000000000000        		nan                      	0.000000030692579        		nan                      0.000064388915944        
5.514718625761413        	nan                      	0.000000000000000        		nan                      	0.000000017466920        		nan                      0.000048196776500        
5.614718625761412        	nan                      	0.000000000000000        		nan                      	0.000000009844118        		nan                      0.000035905316659        
5.714718625761412        	nan                      	0.000000000000000        		nan                      	0.000000005494285        		nan                      0.000026621380904        
5.814718625761412        	nan                      	0.000000000000000        		nan                      	0.000000003036798        		nan                      0.000019644035621        
5.914718625761411        	nan                      	0.000000000000000        		nan                      	0.000000001662217        		nan                      0.000014426352115        
6.014718625761411        	nan                      	0.000000000000000        		nan                      	0.000000000900997        		nan                      0.000010544002183        
6.114718625761411        	nan                      	0.000000000000000        		nan                      	0.000000000483637        		nan                      0.000007669642906        
6.214718625761410        	nan                      	0.000000000000000        		nan                      	0.000000000257084        		nan                      0.000005552174921        
6.314718625761410        	nan                      	0.000000000000000        		nan                      	0.000000000135327        		nan                      0.000004000066402        
6.414718625761409        	nan                      	0.000000000000000        		nan                      	0.000000000070542        		nan                      0.000002868039520        
6.514718625761409        	nan                      	0.000000000000000        		nan                      	0.000000000036413        		nan                      0.000002046514443        
6.614718625761409        	nan                      	0.000000000000000        		nan                      	0.000000000018613        		nan                      0.000001453296419        
6.714718625761408        	nan                      	0.000000000000000        		nan                      	0.000000000009421        		nan                      0.000001027073030        
6.814718625761408        	nan                      	0.000000000000000        		nan                      	0.000000000004722        		nan                      0.000000722360969        
6.914718625761408        	nan                      	0.000000000000000        		nan                      	0.000000000002344        		nan                      0.000000505604814        
7.014718625761407        	nan                      	0.000000000000000        		nan                      	0.000000000001152        		nan                      0.000000352184573        
7.114718625761407        	nan                      	0.000000000000000        		nan                      	0.000000000000561        		nan                      0.000000244134937        
7.214718625761407        	nan                      	0.000000000000000        		nan                      	0.000000000000270        		nan                      0.000000168417940        
7.314718625761406        	nan                      	0.000000000000000        		nan                      	0.000000000000129        		nan                      0.000000115622929        
7.414718625761406        	nan                      	0.000000000000000        		nan                      	0.000000000000061        		nan                      0.000000078994203        
7.514718625761406        	nan                      	0.000000000000000        		nan                      	0.000000000000029        		nan                      0.000000053708201        
7.614718625761405        	nan                      	0.000000000000000        		nan                      	0.000000000000013        		nan                      0.000000036339476        
7.714718625761405        	nan                      	0.000000000000000        		nan                      	0.000000000000006        		nan                      0.000000024468535        
7.814718625761405        	nan                      	0.000000000000000        		nan                      	0.000000000000003        		nan                      0.000000016395594        
7.914718625761404        	nan                      	0.000000000000000        		nan                      	0.000000000000001        		nan                      0.000000010932888        
8.014718625761404        	nan                      	0.000000000000000        		nan                      	0.000000000000001        		nan                      0.000000007254874        
8.114718625761403        	nan                      	0.000000000000000        		nan                      	0.000000000000000        		nan                      0.000000004790832        
8.214718625761403        	nan                      	0.000000000000000        		nan                      	0.000000000000000        		nan                      0.000000003148304        
8.314718625761403        	nan                      	0.000000000000000        		nan                      	0.000000000000000        		nan                      0.000000002058857        
8.414718625761402        	0.000000000000000        	0.000000000000000        		0.000000000000000        	0.000000000000000        		0.000000000000000        0.000000001339856        
