0 1 1 
0.020408163 0.96182572 0.95619418 
0.040816327 0.92526232 0.91399008 
0.06122449 0.89025737 0.87332588 
0.081632653 0.85676107 0.83414232 
0.10204082 0.82472612 0.79638261 
0.12244898 0.79410763 0.75999234 
0.14285714 0.7648631 0.72491938 
0.16326531 0.73695231 0.6911138 
0.18367347 0.71033726 0.65852776 
0.20408163 0.68498212 0.62711546 
0.2244898 0.66085313 0.59683308 
0.24489796 0.63791861 0.56763866 
0.26530612 0.61614884 0.53949205 
0.28571429 0.59551605 0.51235486 
0.30612245 0.57599437 0.48619038 
0.32653061 0.55755979 0.46096349 
0.34693878 0.54019008 0.43664069 
0.36734694 0.52386481 0.41318993 
0.3877551 0.50856528 0.39058066 
0.40816327 0.49427451 0.36878369 
0.42857143 0.48097718 0.34777121 
0.44897959 0.46865964 0.3275167 
0.46938776 0.45730987 0.30799493 
0.48979592 0.44691747 0.28918187 
0.51020408 0.43747361 0.27105467 
0.53061224 0.42897107 0.25359163 
0.55102041 0.42140418 0.23677214 
0.57142857 0.41476884 0.2205767 
0.59183673 0.40906248 0.20498681 
0.6122449 0.40428411 0.18998501 
0.63265306 0.40043426 0.17555478 
0.65306122 0.39751501 0.1616806 
0.67346939 0.39553002 0.14834785 
0.69387755 0.39448446 0.13554281 
0.71428571 0.39438509 0.12325264 
0.73469388 0.39524025 0.11146538 
0.75510204 0.39705987 0.10016987 
0.7755102 0.39985548 0.089355813 
0.79591837 0.40364022 0.079013676 
0.81632653 0.40842892 0.069134733 
0.83673469 0.41423804 0.059711024 
0.85714286 0.42108576 0.050735348 
0.87755102 0.428992 0.042201251 
0.89795918 0.43797842 0.034103015 
0.91836735 0.44806849 0.026435647 
0.93877551 0.45928753 0.019194874 
0.95918367 0.47166272 0.01237713 
0.97959184 0.48522318 0.0059795586 
1 0.5 -6.3241915e-017 
