0 1 1 
0.020408163 0.9618227 0.95619418 
0.040816327 0.92525649 0.91399008 
0.06122449 0.89024895 0.87332588 
0.081632653 0.85675024 0.83414232 
0.10204082 0.82471307 0.79638261 
0.12244898 0.79409253 0.75999234 
0.14285714 0.76484613 0.72491938 
0.16326531 0.73693362 0.6911138 
0.18367347 0.710317 0.65852776 
0.20408163 0.68496042 0.62711546 
0.2244898 0.66083014 0.59683308 
0.24489796 0.63789444 0.56763866 
0.26530612 0.61612363 0.53949205 
0.28571429 0.59548991 0.51235486 
0.30612245 0.57596741 0.48619038 
0.32653061 0.55753211 0.46096349 
0.34693878 0.54016179 0.43664069 
0.36734694 0.523836 0.41318993 
0.3877551 0.50853605 0.39058066 
0.40816327 0.49424495 0.36878369 
0.42857143 0.48094738 0.34777121 
0.44897959 0.46862969 0.3275167 
0.46938776 0.45727985 0.30799493 
0.48979592 0.44688746 0.28918187 
0.51020408 0.4374437 0.27105467 
0.53061224 0.42894133 0.25359163 
0.55102041 0.4213747 0.23677214 
0.57142857 0.41473969 0.2205767 
0.59183673 0.40903375 0.20498681 
0.6122449 0.40425587 0.18998501 
0.63265306 0.4004066 0.17555478 
0.65306122 0.39748802 0.1616806 
0.67346939 0.39550377 0.14834785 
0.69387755 0.39445904 0.13554281 
0.71428571 0.3943606 0.12325264 
0.73469388 0.39521677 0.11146538 
0.75510204 0.3970375 0.10016987 
0.7755102 0.39983431 0.089355813 
0.79591837 0.40362037 0.079013676 
0.81632653 0.40841048 0.069134733 
0.83673469 0.41422113 0.059711024 
0.85714286 0.4210705 0.050735348 
0.87755102 0.4289785 0.042201251 
0.89795918 0.43796681 0.034103015 
0.91836735 0.4480589 0.026435647 
0.93877551 0.45928011 0.019194874 
0.95918367 0.47165761 0.01237713 
0.97959184 0.48522054 0.0059795586 
1 0.5 -6.3241915e-017 
