-0.95424251 -0.30103 -0.30103
-1.6901961 -0.30103 -0.30103
-1.94939 -0.30103 -0.30103
-2.1105897 -0.30103 -0.30103
-2.2278867 -0.30103 -0.30103
-2.3201463 -0.30103 -0.30103
-2.3961993 -0.30103 -0.30103
-2.4608978 -0.30103 -0.30103
-2.5171959 -0.30103 -0.30103
-2.5670264 -0.30103 -0.30103
-2.6117233 -0.30103 -0.30103
-2.6522463 -0.30103 -0.30103
-2.6893089 -0.30103 -0.30103
-2.7234557 -0.30103 -0.30103
-2.7551123 -0.30103 -0.30103
-2.7846173 -0.30103 -0.30103
-2.8122447 -0.30103 -0.30103
-2.8382192 -0.30103 -0.30103
-2.8627275 -0.30103 -0.30103
-2.8859263 -0.30103 -0.30103
-2.9079485 -0.30103 -0.30103
-2.9289077 -0.30103 -0.30103
-2.9489018 -0.30103 -0.30103
-2.9680157 -0.30103 -0.30103
-2.9863238 -0.30103 -0.30103
-3.0038912 -0.30103 -0.30103
-3.0207755 -0.30103 -0.30103
-3.0370279 -0.30103 -0.30103
-3.0526939 -0.30103 -0.30103
-3.0678145 -0.30103 -0.30103
-3.0824263 -0.30103 -0.30103
-3.0965624 -0.30103 -0.30103
-3.1102529 -0.30103 -0.30103
-3.123525 -0.30103 -0.30103
-3.1364034 -0.30103 -0.30103
-3.148911 -0.30103 -0.30103
-3.1610684 -0.30103 -0.30103
-3.1728947 -0.30103 -0.30103
-3.1844075 -0.30103 -0.30103
-3.1956229 -0.30103 -0.30103
-3.206556 -0.30103 -0.30103
-3.2172207 -0.30103 -0.30103
-3.2276296 -0.30103 -0.30103
-3.237795 -0.30103 -0.30103
-3.2477278 -0.30103 -0.30103
-3.2574386 -0.30103 -0.30103
-3.2669369 -0.30103 -0.30103
-3.276232 -0.30103 -0.30103
-3.2853322 -0.30103 -0.30103
-3.2942457 -0.30103 -0.30103
-3.3029799 -0.30103 -0.30103
-3.311542 -0.30103 -0.30103
-3.3199384 -0.30103 -0.30103
-3.3281757 -0.30103 -0.30103
-3.3362596 -0.30103 -0.30103
-3.3441957 -0.30103 -0.30103
-3.3519895 -0.30103 -0.30103
-3.3596458 -0.30103 -0.30103
-3.3671695 -0.30103 -0.30103
-3.3745651 -0.30103 -0.30103
-3.3818368 -0.30103 -0.30103
-3.3889888 -0.30103 -0.30103
-3.3960249 -0.30103 -0.30103
-3.4029488 -0.30103 -0.30103
-3.4097641 -0.30103 -0.30103
-3.4164741 -0.30103 -0.30103
-3.423082 -0.30103 -0.30103
-3.4295908 -0.30103 -0.30103
-3.4360035 -0.30103 -0.30103
-3.442323 -0.30103 -0.30103
-3.4485517 -0.30103 -0.30103
-3.4546924 -0.30103 -0.30103
-3.4607475 -0.30103 -0.30103
-3.4667194 -0.30103 -0.30103
-3.4726102 -0.30103 -0.30103
-3.4784222 -0.30103 -0.30103
-3.4841574 -0.30103 -0.30103
-3.4898179 -0.30103 -0.30103
-3.4954056 -0.30103 -0.30103
-3.5009222 -0.30103 -0.30103
-3.5063697 -0.30103 -0.30103
-3.5117497 -0.30103 -0.30103
-3.5170639 -0.30103 -0.30103
-3.5223138 -0.30103 -0.30103
-3.527501 -0.30103 -0.30103
-3.532627 -0.30103 -0.30103
-3.5376932 -0.30103 -0.30103
-3.542701 -0.30103 -0.30103
-3.5476517 -0.30103 -0.30103
-3.5525465 -0.30103 -0.30103
-3.5573869 -0.30103 -0.30103
-3.5621739 -0.30103 -0.30103
-3.5669087 -0.30103 -0.30103
-3.5715924 -0.30103 -0.30103
-3.5762261 -0.30103 -0.30103
-3.580811 -0.30103 -0.30103
-3.5853479 -0.30103 -0.30103
-3.5898379 -0.30103 -0.30103
-3.594282 -0.30103 -0.30103
-3.5986811 -0.30103 -0.30103
-3.6030361 -0.30103 -0.30103
-3.6073478 -0.30103 -0.30103
-3.6116171 -0.30103 -0.30103
-3.6158449 -0.30103 -0.30103
-3.6200319 -0.30103 -0.30103
-3.6241789 -0.30103 -0.30103
-3.6282867 -0.30103 -0.30103
-3.632356 -0.30103 -0.30103
-3.6363876 -0.30103 -0.30103
-3.640382 -0.30103 -0.30103
-3.6443401 -0.30103 -0.30103
-3.6482624 -0.30103 -0.30103
-3.6521496 -0.30103 -0.30103
-3.6560023 -0.30103 -0.30103
-3.6598212 -0.30103 -0.30103
-3.6636067 -0.30103 -0.30103
-3.6673595 -0.30103 -0.30103
-3.6710802 -0.30103 -0.30103
-3.6747693 -0.30103 -0.30103
-3.6784273 -0.30103 -0.30103
-3.6820548 -0.30103 -0.30103
-3.6856522 -0.30103 -0.30103
-3.68922 -0.30103 -0.30103
-3.6927588 -0.30103 -0.30103
-3.696269 -0.30103 -0.30103
-3.699751 -0.30103 -0.30103
-3.7032054 -0.30103 -0.30103
-3.7066325 -0.30103 -0.30103
-3.7100327 -0.30103 -0.30103
-3.7134065 -0.30103 -0.30103
-3.7167544 -0.30103 -0.30103
-3.7200766 -0.30103 -0.30103
-3.7233736 -0.30103 -0.30103
-3.7266457 -0.30103 -0.30103
-3.7298934 -0.30103 -0.30103
-3.733117 -0.30103 -0.30103
-3.7363168 -0.30103 -0.30103
-3.7394932 -0.30103 -0.30103
-3.7426466 -0.30103 -0.30103
-3.7457772 -0.30103 -0.30103
-3.7488854 -0.30103 -0.30103
-3.7519716 -0.30103 -0.30103
-3.7550359 -0.30103 -0.30103
-3.7580788 -0.30103 -0.30103
-3.7611005 -0.30103 -0.30103
-3.7641014 -0.30103 -0.30103
-3.7670816 -0.30103 -0.30103
-3.7700416 -0.30103 -0.30103
-3.7729815 -0.30103 -0.30103
-3.7759016 -0.30103 -0.30103
-3.7788022 -0.30103 -0.30103
-3.7816836 -0.30103 -0.30103
-3.784546 -0.30103 -0.30103
-3.7873896 -0.30103 -0.30103
-3.7902148 -0.30103 -0.30103
-3.7930217 -0.30103 -0.30103
-3.7958105 -0.30103 -0.30103
-3.7985816 -0.30103 -0.30103
-3.8013351 -0.30103 -0.30103
-3.8040712 -0.30103 -0.30103
-3.8067903 -0.30103 -0.30103
-3.8094924 -0.30103 -0.30103
-3.8121778 -0.30103 -0.30103
-3.8148467 -0.30103 -0.30103
-3.8174993 -0.30103 -0.30103
-3.8201358 -0.30103 -0.30103
-3.8227563 -0.30103 -0.30103
-3.8253612 -0.30103 -0.30103
-3.8279505 -0.30103 -0.30103
-3.8305245 -0.30103 -0.30103
-3.8330833 -0.30103 -0.30103
-3.8356272 -0.30103 -0.30103
-3.8381562 -0.30103 -0.30103
-3.8406706 -0.30103 -0.30103
-3.8431705 -0.30103 -0.30103
-3.8456561 -0.30103 -0.30103
-3.8481275 -0.30103 -0.30103
-3.850585 -0.30103 -0.30103
-3.8530286 -0.30103 -0.30103
-3.8554586 -0.30103 -0.30103
-3.857875 -0.30103 -0.30103
-3.8602781 -0.30103 -0.30103
-3.862668 -0.30103 -0.30103
-3.8650447 -0.30103 -0.30103
-3.8674086 -0.30103 -0.30103
-3.8697596 -0.30103 -0.30103
-3.872098 -0.30103 -0.30103
-3.8744238 -0.30103 -0.30103
-3.8767373 -0.30103 -0.30103
-3.8790385 -0.30103 -0.30103
-3.8813276 -0.30103 -0.30103
-3.8836047 -0.30103 -0.30103
-3.8858699 -0.30103 -0.30103
-3.8881233 -0.30103 -0.30103
-3.8903651 -0.30103 -0.30103
-3.8925954 -0.30103 -0.30103
-3.8948143 -0.30103 -0.30103
-3.897022 -0.30103 -0.30103
-3.8992184 -0.30103 -0.30103
-3.9014038 -0.30103 -0.30103
-3.9035783 -0.30103 -0.30103
-3.9057419 -0.30103 -0.30103
-3.9078948 -0.30103 -0.30103
-3.9100371 -0.30103 -0.30103
-3.9121689 -0.30103 -0.30103
-3.9142903 -0.30103 -0.30103
-3.9164013 -0.30103 -0.30103
-3.9185021 -0.30103 -0.30103
-3.9205929 -0.30103 -0.30103
-3.9226736 -0.30103 -0.30103
-3.9247444 -0.30103 -0.30103
-3.9268053 -0.30103 -0.30103
-3.9288565 -0.30103 -0.30103
-3.9308981 -0.30103 -0.30103
-3.9329301 -0.30103 -0.30103
-3.9349527 -0.30103 -0.30103
-3.9369659 -0.30103 -0.30103
-3.9389698 -0.30103 -0.30103
-3.9409645 -0.30103 -0.30103
-3.9429501 -0.30103 -0.30103
-3.9449266 -0.30103 -0.30103
-3.9468942 -0.30103 -0.30103
-3.9488529 -0.30103 -0.30103
-3.9508028 -0.30103 -0.30103
-3.952744 -0.30103 -0.30103
-3.9546766 -0.30103 -0.30103
-3.9566006 -0.30103 -0.30103
-3.9585161 -0.30103 -0.30103
-3.9604232 -0.30103 -0.30103
-3.962322 -0.30103 -0.30103
-3.9642125 -0.30103 -0.30103
-3.9660948 -0.30103 -0.30103
-3.967969 -0.30103 -0.30103
-3.9698351 -0.30103 -0.30103
-3.9716932 -0.30103 -0.30103
-3.9735435 -0.30103 -0.30103
-3.9753858 -0.30103 -0.30103
-3.9772204 -0.30103 -0.30103
-3.9790473 -0.30103 -0.30103
-3.9808666 -0.30103 -0.30103
-3.9826782 -0.30103 -0.30103
-3.9844823 -0.30103 -0.30103
-3.986279 -0.30103 -0.30103
-3.9880682 -0.30103 -0.30103
-3.9898501 -0.30103 -0.30103
-3.9916247 -0.30103 -0.30103
-3.9933921 -0.30103 -0.30103
-3.9951524 -0.30103 -0.30103
-3.9969055 -0.30103 -0.30103
-3.9986516 -0.30103 -0.30103
-4.0003907 -0.30103 -0.30103
-4.0021228 -0.30103 -0.30103
-4.0038481 -0.30103 -0.30103
-4.0055666 -0.30103 -0.30103
-4.0072782 -0.30103 -0.30103
-4.0089832 -0.30103 -0.30103
-4.0106815 -0.30103 -0.30103
-4.0123732 -0.30103 -0.30103
-4.0140583 -0.30103 -0.30103
-4.0157369 -0.30103 -0.30103
-4.017409 -0.30103 -0.30103
-4.0190747 -0.30103 -0.30103
-4.0207341 -0.30103 -0.30103
-4.0223871 -0.30103 -0.30103
-4.0240339 -0.30103 -0.30103
-4.0256744 -0.30103 -0.30103
-4.0273088 -0.30103 -0.30103
-4.0289371 -0.30103 -0.30103
-4.0305592 -0.30103 -0.30103
-4.0321754 -0.30103 -0.30103
-4.0337855 -0.30103 -0.30103
-4.0353897 -0.30103 -0.30103
-4.036988 -0.30103 -0.30103
-4.0385804 -0.30103 -0.30103
-4.040167 -0.30103 -0.30103
-4.0417479 -0.30103 -0.30103
-4.043323 -0.30103 -0.30103
-4.0448924 -0.30103 -0.30103
-4.0464561 -0.30103 -0.30103
-4.0480143 -0.30103 -0.30103
-4.0495669 -0.30103 -0.30103
-4.0511139 -0.30103 -0.30103
-4.0526555 -0.30103 -0.30103
-4.0541916 -0.30103 -0.30103
-4.0557223 -0.30103 -0.30103
-4.0572476 -0.30103 -0.30103
-4.0587676 -0.30103 -0.30103
-4.0602822 -0.30103 -0.30103
-4.0617916 -0.30103 -0.30103
-4.0632958 -0.30103 -0.30103
-4.0647948 -0.30103 -0.30103
-4.0662886 -0.30103 -0.30103
-4.0677774 -0.30103 -0.30103
-4.069261 -0.30103 -0.30103
-4.0707396 -0.30103 -0.30103
-4.0722131 -0.30103 -0.30103
-4.0736817 -0.30103 -0.30103
-4.0751453 -0.30103 -0.30103
-4.076604 -0.30103 -0.30103
-4.0780579 -0.30103 -0.30103
-4.0795068 -0.30103 -0.30103
-4.080951 -0.30103 -0.30103
-4.0823904 -0.30103 -0.30103
-4.083825 -0.30103 -0.30103
-4.0852549 -0.30103 -0.30103
-4.0866801 -0.30103 -0.30103
-4.0881006 -0.30103 -0.30103
-4.0895165 -0.30103 -0.30103
-4.0909279 -0.30103 -0.30103
-4.0923346 -0.30103 -0.30103
-4.0937368 -0.30103 -0.30103
-4.0951345 -0.30103 -0.30103
-4.0965277 -0.30103 -0.30103
-4.0979164 -0.30103 -0.30103
-4.0993007 -0.30103 -0.30103
-4.1006806 -0.30103 -0.30103
-4.1020562 -0.30103 -0.30103
-4.1034274 -0.30103 -0.30103
-4.1047943 -0.30103 -0.30103
-4.1061569 -0.30103 -0.30103
-4.1075152 -0.30103 -0.30103
-4.1088693 -0.30103 -0.30103
-4.1102192 -0.30103 -0.30103
-4.1115649 -0.30103 -0.30103
-4.1129065 -0.30103 -0.30103
-4.1142439 -0.30103 -0.30103
-4.1155772 -0.30103 -0.30103
-4.1169065 -0.30103 -0.30103
-4.1182316 -0.30103 -0.30103
-4.1195528 -0.30103 -0.30103
-4.1208699 -0.30103 -0.30103
-4.1221831 -0.30103 -0.30103
-4.1234923 -0.30103 -0.30103
-4.1247976 -0.30103 -0.30103
-4.1260989 -0.30103 -0.30103
-4.1273964 -0.30103 -0.30103
-4.12869 -0.30103 -0.30103
-4.1299798 -0.30103 -0.30103
-4.1312657 -0.30103 -0.30103
-4.1325478 -0.30103 -0.30103
-4.1338262 -0.30103 -0.30103
-4.1351008 -0.30103 -0.30103
-4.1363717 -0.30103 -0.30103
-4.1376389 -0.30103 -0.30103
-4.1389024 -0.30103 -0.30103
-4.1401622 -0.30103 -0.30103
-4.1414184 -0.30103 -0.30103
-4.142671 -0.30103 -0.30103
-4.1439199 -0.30103 -0.30103
-4.1451653 -0.30103 -0.30103
-4.1464071 -0.30103 -0.30103
-4.1476454 -0.30103 -0.30103
-4.1488802 -0.30103 -0.30103
-4.1501114 -0.30103 -0.30103
-4.1513392 -0.30103 -0.30103
-4.1525635 -0.30103 -0.30103
-4.1537844 -0.30103 -0.30103
-4.1550018 -0.30103 -0.30103
-4.1562159 -0.30103 -0.30103
-4.1574265 -0.30103 -0.30103
-4.1586338 -0.30103 -0.30103
-4.1598378 -0.30103 -0.30103
-4.1610384 -0.30103 -0.30103
-4.1622357 -0.30103 -0.30103
-4.1634297 -0.30103 -0.30103
-4.1646205 -0.30103 -0.30103
-4.165808 -0.30103 -0.30103
-4.1669922 -0.30103 -0.30103
-4.1681733 -0.30103 -0.30103
-4.1693511 -0.30103 -0.30103
-4.1705257 -0.30103 -0.30103
-4.1716972 -0.30103 -0.30103
-4.1728655 -0.30103 -0.30103
-4.1740307 -0.30103 -0.30103
